[[[ 95 110 122]
  [ 90 106 118]
  [ 82  98 109]
  ...
  [ 80  98 109]
  [ 88 106 118]
  [ 86 104 115]]

 [[ 81  96 108]
  [ 74  92 104]
  [ 77  95 107]
  ...
  [ 91 109 121]
  [ 86 104 115]
  [ 83 101 113]]

 [[ 91 107 119]
  [ 83 101 113]
  [ 81  99 111]
  ...
  [ 88 106 118]
  [ 89 107 119]
  [ 87 105 116]]

 ...

 [[  0   3   0]
  [  0   2   0]
  [  0   3   0]
  ...
  [ 13  20  31]
  [ 15  22  32]
  [  5  12  23]]

 [[  3   7   4]
  [  0   0   0]
  [  0   0   0]
  ...
  [  7  12  23]
  [ 28  33  44]
  [ 20  25  35]]

 [[  1   4   1]
  [  0   2   0]
  [  0   1   0]
  ...
  [ 25  30  40]
  [ 25  30  40]
  [ 14  19  30]]]